9.078900286311888976e+02 2.977180642260969989e+02
1.280385153113707929e+03 1.373615524808742521e+02
5.133270145340511590e+02 1.890955570892759852e+02
8.441121702461007317e+02 1.623847043493598790e+02
8.165185776409961136e+02 2.055187911766578281e+02
1.125126212846967974e+03 2.012700257241095869e+02
7.336706579707466744e+02 2.270969762141789943e+02
1.121911015739889308e+03 2.615924436450285953e+02
1.090368261698119341e+03 2.560837865399287807e+02
1.007375527655492533e+03 2.996839764826979717e+02
9.434807803084162288e+02 2.335614037141282040e+02
7.681897197395514922e+02 3.798728512742071644e+02
1.153754923330663132e+03 2.412468711195710114e+02
1.067839686042990706e+03 3.767034354906567728e+02
8.581960590344075399e+02 3.030702359188518358e+02
1.102781815300524840e+03 2.588427099085741361e+02
1.206271559333341202e+03 2.223647725267771023e+02
1.140843187966650021e+03 3.627411434198219808e+02
1.183884857731523653e+03 2.289756910226497837e+02
1.145306994956880544e+03 3.049795908171741985e+02
1.170858801927403420e+03 1.527874923861643310e+02
5.914623902931931525e+02 2.554301087096347658e+02
8.396054447631011044e+02 2.944159624998488880e+02
7.542479242358643887e+02 2.278772142778870489e+02
4.658864851371935174e+02 2.191261373117050368e+02
1.211773191015264274e+03 3.246624680796924167e+02
1.471779289709083514e+03 2.486923575656996093e+02
1.635976671765311721e+03 3.685426932665699269e+02
6.419023721360521222e+02 1.045350015686414338e+02
5.450805372833347064e+02 1.629074701688662969e+02
1.306059765133619749e+03 3.361853284168885239e+02
1.311309364224401179e+03 2.222221817759441365e+02
7.449120046754248960e+02 1.547434288236636348e+02
1.217410191738233152e+03 1.182113000247987600e+02
1.307860862413723908e+03 2.731653400414892872e+02
1.091815599934331658e+03 3.125480788990839187e+02
7.761000419885019710e+02 2.320397614012129281e+02
1.146118728520783861e+03 2.608272384901749206e+02
6.871249081126989040e+02 3.301132252861825691e+02
1.432270445942452170e+03 2.137879905952462707e+02
6.790191933967649902e+02 2.477776998283447938e+02
7.693044767528074317e+02 2.625552551218430608e+02
1.393289198996002597e+03 2.906702478062706518e+02
9.998965191001790345e+02 2.358897846500737501e+02
6.658938496729533654e+02 2.239864546333345174e+02
8.918168555321357189e+02 2.003888945102365824e+02
7.962092417644040552e+02 2.216973928127106888e+02
1.341800226333656383e+03 2.061068127006081454e+02
7.101225414963727189e+02 1.861676039247139443e+02
6.118613879119844796e+02 3.328438436002152798e+02
1.171013768945302218e+03 2.680229189499698350e+02
1.022962972762055756e+03 2.524845658573018454e+02
7.299659376610682102e+02 1.616874269136479256e+02
1.192039955069593816e+03 3.944942058918151702e+02
7.528766891437534241e+02 1.801922844924187643e+02
1.118622413576180179e+03 2.838706185997224907e+02
9.496825548461798689e+02 3.930887324004564789e+02
1.085924600216533918e+03 2.857355443966087591e+02
8.375214925297627815e+02 1.381269391385324639e+02
9.729074460612631583e+02 2.035456582128940966e+02
1.012045958672779648e+03 3.041956404566454921e+02
1.200674957963157567e+03 2.064135099946539356e+02
1.003144457739653717e+03 2.778797177626468056e+02
8.390031997263751009e+02 2.780856334229277991e+02
8.635398614471165502e+02 1.536149565553314460e+02
8.690966974240233185e+02 1.214427049637661185e+02
5.783629973862932729e+02 1.320187705286872415e+02
1.333063905014753345e+03 2.828068072277468445e+02
6.042895940280847071e+02 1.472982167114251695e+02
1.335652989534225526e+03 2.730975687657835351e+02
1.384628508651144330e+03 3.238236081124766770e+02
9.313501943281347621e+02 4.219609128857299538e+02
7.648612383805069612e+02 1.830907408849742808e+02
1.003565279654870665e+03 2.373471782006834587e+02
5.704362831894098917e+02 1.030023636737513186e+02
8.840597708698988981e+02 1.515798847042440798e+02
7.358774522195562895e+02 1.276038899330215486e+02
5.720503899424452356e+02 2.884209943370936458e+02
8.877511112353622593e+02 2.824735340316871088e+02
9.746609106552358526e+02 1.716241512127518263e+02
9.037051651552537805e+02 2.304596332639561354e+02
1.173540007642366163e+03 7.543385036074494110e+01
1.379191804564375616e+03 1.902251853212516153e+02
7.749049478861491025e+02 2.095992681301563607e+02
8.837305898060820937e+02 3.603133700134064838e+02
1.015068868888935981e+03 1.546861224635613894e+02
1.695681958891948398e+03 2.729512191390204521e+02
7.728024621856332033e+02 1.701417568456079152e+02
7.515812825929488099e+02 2.747631126658428116e+02
5.133887429034928118e+02 1.645027370780142917e+02
1.447810761489116430e+03 4.311059685139642852e+02
9.898896681159170612e+02 1.968050108418731554e+02
1.294312099920829496e+03 5.471274865418811260e+02
1.872782863133073988e+03 3.361709852313741180e+02
1.124097257751462848e+03 2.331449112579117866e+02
5.011383600556648048e+02 1.584800561756214279e+02
8.932746585229464245e+02 3.064799456466375318e+02
5.899730547731470551e+02 2.000340458047809307e+02
1.160995119644781198e+03 1.784057513812320224e+02
8.628846654853183509e+02 2.891611138067574416e+02
1.116171785051915094e+03 3.148766767951935890e+02
1.468579741295990289e+03 2.952676508878781760e+02
8.377035952142048245e+02 2.185556517874381939e+02
7.758345881141073050e+02 1.963518035545202451e+02
9.583083134548337512e+02 2.947272410671450871e+02
4.989296449444091763e+02 2.549425292022914107e+02
9.311672133844859900e+02 2.156382111915737312e+02
1.039380844412716897e+03 2.704374826019129614e+02
6.568998854944392178e+02 1.083469971321046614e+02
1.186194816198370745e+03 3.386127634678265963e+02
1.173804835081213014e+03 3.630622241635244336e+02
6.953618150368029092e+02 2.457254883748325938e+02
9.560116425491357859e+02 2.637978274334673188e+02
8.316408952627376721e+02 2.010483581222314626e+02
1.385984853069081964e+03 3.037979444165583800e+02
1.241839325120814920e+03 3.433074374298007001e+02
1.189350472087139906e+03 2.727961382566361976e+02
1.058356013303131931e+03 2.355632696885235475e+02
3.923687791503261906e+02 2.963244747691040857e+02
1.144541942932242819e+03 2.504121714772759617e+02
6.868819961342994702e+02 5.589596196479547530e+01
1.699236089959754736e+03 3.365113733913119631e+02
5.404857467265671858e+02 5.727132683275200975e+01
1.668682729252126592e+03 2.317617968202366399e+02
7.955264568316072200e+02 1.516689730145326394e+02
8.409387222586456119e+02 2.314472939269063545e+02
9.383152423611204540e+02 2.529654816017839494e+02
1.030474477590023298e+03 1.863098110149037154e+02
5.893590845831859042e+02 1.366019878690120493e+02
1.734968079832825651e+03 2.569252981950212416e+02
1.185440744178346449e+03 2.974601708295612639e+02
1.329514144415873488e+03 4.192539315791301533e+02
5.552491190297870389e+02 5.925560277719429791e+01
1.059710550594706092e+03 2.905134215663488817e+02
1.096018321544971514e+03 3.872414919238904645e+02
1.029524685606194225e+03 2.912581580224621121e+02
9.592986557664453358e+02 2.815169770013441166e+02
1.294908333345857045e+03 1.743807955768603506e+02
1.056000230174893431e+03 1.745544604365857140e+02
7.231016220984263327e+02 2.251099956588066391e+02
9.756003652591003856e+02 2.240451231333914563e+02
1.109285120823217312e+03 1.897861854512742070e+02
9.286744830797655368e+02 2.300933719296927507e+02
4.573887666622887309e+02 2.169520548845457313e+02
9.761778309105852713e+02 2.286211896729397495e+02
1.198376996313020982e+03 2.739597225530029618e+02
1.082289506356271431e+03 2.145191452870752755e+02
1.318389138513124863e+03 3.720604830759210699e+02
5.610746453867916443e+02 1.304428300640657312e+02
1.215452768122059979e+03 2.096711828585584385e+02
1.311129961710870475e+03 3.723393061545792193e+02
1.370507171154938533e+03 2.661561555386426789e+02
1.015136718128872531e+03 2.163198752174030801e+02
1.253943174791854744e+03 2.345165987899792981e+02
1.486092475049198356e+03 3.832870690912235432e+02
9.436464394701906713e+02 1.055768720881926583e+02
7.339022902704980424e+02 2.609446970164896129e+02
9.500802881720104551e+02 1.066218262649266251e+02
1.451572790475703641e+03 3.988144581386932259e+02
1.363447915485950261e+03 3.332667054198439018e+02
1.105009049133716189e+03 2.189018494462139302e+02
1.342795789015528499e+03 2.184366420864527925e+02
9.421502052958927607e+02 2.543304240450638360e+02
9.152827480836720042e+02 3.044270760197431400e+02
4.753402978044124438e+02 2.495635082983608584e+02
1.138567802354750938e+03 1.859423825854298684e+02
1.465816425637437760e+03 2.911691204582475052e+02
1.289893837117843532e+03 2.835387342462972811e+02
1.208356856041568562e+03 2.237583655165781238e+02
1.145381532300257732e+03 2.903807201808115224e+02
7.354831364231160933e+02 2.070623342551352266e+02
6.236146287637318437e+02 2.895492234214171390e+02
1.255331215324264349e+03 1.951424534230106644e+02
5.467785408616499581e+02 2.670810011338344907e+02
9.307846249069876876e+02 2.781436323734351390e+02
8.353739063704013006e+02 3.117839316213042480e+02
1.018109102651840885e+03 2.647896848298746590e+02
7.146161420724504296e+02 1.228255425369760303e+02
7.456908014130726770e+02 1.244922236322966285e+02
1.146593952238121119e+03 2.185287014107921095e+02
1.368228670567005793e+03 2.172517778788828196e+02
1.448567000067641857e+03 2.516871749801616147e+02
8.415835422093414309e+02 2.144419602198777000e+02
8.602224248227261114e+02 2.662606918224395827e+02
1.129331969344171966e+03 2.944851407070879077e+02
1.279104517958073757e+03 3.069927812142548191e+02
9.831161834746606019e+02 1.759121749791569869e+02
1.375413551796202910e+03 3.315388892311025302e+02
1.025774150701517101e+03 2.811849943555733944e+02
1.341835425800428311e+03 2.751359136527090641e+02
1.639800210202713515e+03 1.813000339707711817e+02
9.760203917099530599e+02 3.023841025393492714e+02
8.928535265279599571e+02 2.655442541322389047e+02
1.102042312253390719e+03 3.599424172514267184e+02
6.647317496792506972e+02 9.422127762428374353e+01
1.292243858514953445e+03 3.317750626223803465e+02
1.277928238318053445e+03 3.410378372429336196e+02
1.061534432250808322e+03 2.027461560590211889e+02
1.422745671689951450e+03 2.894805733777318437e+02
1.198566639134558272e+03 3.093489325990634029e+02
