# # Simulated data of a black body heated with electric current.
# # Voltage(V) Temperature(C) error(C)
# 
3.220 26.536 2.547
8.295 44.923 4.027
9.501 38.716 3.412
8.065 34.457 3.098
10.282 31.272 2.725
10.672 43.968 3.810
13.960 53.174 4.390
23.492 72.935 5.152
22.666 74.757 5.358
20.295 63.145 4.713
22.980 75.142 5.356
27.085 72.752 4.812
29.924 79.814 4.996
33.432 80.380 4.679
41.383 91.030 4.394
48.826 103.682 4.040
44.873 94.548 4.152
46.481 110.774 4.641
53.689 105.178 3.459
56.569 113.329 3.319
